sp_id	capacity	stco	latitude	longitude
1	1200	190000	59.91346	30.321348
2	1200	190000	59.924727	30.332523
3	1200	190000	59.939095	30.308349
4	1200	190000	59.922778	30.311152
5	1200	190000	59.922147	30.309751
6	1200	190000	59.921241	30.280645
7	1200	190000	59.922373	30.296752
8	1200	190000	59.917443	30.28767
9	1200	190000	59.91894	30.286269
10	1200	190000	59.926242	30.280501
11	1200	190000	59.931549	30.288784
12	1200	190000	59.930935	30.289467
13	1200	190000	59.923987	30.308412
14	1200	190000	59.928532	30.315985
15	1200	190000	59.92189	30.286574
16	1200	190000	59.922391	30.286897
17	1200	190000	59.929632	30.304918
18	1200	190000	59.926025	30.309319
19	1200	190000	59.926819	30.293671
20	1200	190000	59.919364	30.295036
21	1200	190000	59.904554	30.276216
22	1200	190000	59.91323	30.309319
23	1200	190000	59.914678	30.305097
24	1200	190000	59.912441	30.286305
25	1200	190000	59.910853	30.292
26	1200	190000	59.911823	30.298162
27	1200	190000	59.913447	30.302133
28	1200	190000	59.914913	30.31029
29	1200	190000	59.904464	30.2708
30	1200	190000	59.911949	30.270279
31	1200	190000	59.916189	30.325974
32	1200	190000	59.910916	30.322614
33	1200	190000	59.912441	30.322704
34	1200	190000	59.912053	30.326163
35	1200	190000	59.913045	30.32477
36	1200	190000	59.910826	30.31479
37	1200	190000	59.909256	30.313622
38	1200	190000	59.905385	30.275067
39	1200	190000	59.911886	30.27839
40	1200	190000	59.913293	30.304612
41	1200	190000	59.913844	30.300714
42	1200	190000	59.849058	30.411826
43	1200	190000	59.914015	30.3488
44	1200	190000	59.864738	30.394974
45	1200	190000	59.870181	30.363515
46	1200	190000	59.849212	30.377816
47	1200	190000	59.830811	30.389952
48	1200	190000	59.862397	30.368411
49	1200	190000	59.877958	30.390527
50	1200	190000	59.832082	30.408404
51	1200	190000	59.863554	30.380277
52	1200	190000	59.867453	30.406616
53	1200	190000	59.870822	30.390419
54	1200	190000	59.876811	30.380116
55	1200	190000	59.859664	30.383502
56	1200	190000	59.862303	30.397651
57	1200	190000	59.872218	30.394399
58	1200	190000	59.850775	30.379981
59	1200	190000	59.85703	30.371141
60	1200	190000	59.835672	30.396743
61	1200	190000	59.841147	30.399205
62	1200	190000	59.869928	30.397794
63	1200	190000	59.873582	30.371887
64	1200	190000	59.85543	30.389494
65	1200	190000	59.86509	30.367351
66	1200	190000	59.826556	30.3943
67	1200	190000	59.829066	30.411413
68	1200	190000	59.825714	30.403939
69	1200	190000	59.874214	30.408799
70	1200	190000	59.85228	30.389135
71	1200	190000	59.836834	30.423136
72	1200	190000	59.850143	30.371797
73	1200	190000	59.906761	30.350786
74	1200	190000	59.889625	30.359697
75	1200	190000	59.846961	30.393222
76	1200	190000	59.844985	30.385281
77	1200	190000	59.831367	30.402591
78	1200	190000	59.838367	30.401981
79	1200	190000	59.840899	30.419381
80	1200	190000	59.832607	30.427044
81	1200	190000	59.841279	30.379163
82	1200	190000	59.838037	30.381616
83	1200	190000	59.847815	30.412653
84	1200	190000	59.833362	30.386512
85	1200	190000	59.840108	30.390824
86	1200	190000	59.831132	30.428481
87	1200	190000	59.965894	30.394444
88	1200	190000	59.994513	30.433781
89	1200	190000	59.995786	30.413174
90	1200	190000	60.038766	30.373217
91	1200	190000	60.039737	30.414198
92	1200	190000	60.047142	30.384598
93	1200	190000	60.016901	30.393006
94	1200	190000	60.034394	30.411323
95	1200	190000	60.013069	30.409086
96	1200	190000	60.036056	30.401693
97	1200	190000	60.042932	30.386781
98	1200	190000	60.009552	30.419022
99	1200	190000	60.028753	30.419713
100	1200	190000	60.007263	30.410721
101	1200	190000	60.027121	30.426675
102	1200	190000	60.020431	30.398819
103	1200	190000	59.986385	30.385793
104	1200	190000	59.985318	30.383969
105	1200	190000	60.001082	30.391524
106	1200	190000	60.047268	30.39686
107	1200	190000	60.01163	30.406787
108	1200	190000	59.97051	30.39465
109	1200	190000	59.974568	30.394803
110	1200	190000	60.043561	30.395791
111	1200	190000	60.038672	30.391201
112	1200	190000	60.019954	30.384913
113	1200	190000	59.972316	30.408943
114	1200	190000	59.968421	30.400121
115	1200	190000	59.966511	30.406769
116	1200	190000	60.044743	30.41109
117	1200	190000	60.015017	30.3761
118	1200	190000	59.980551	30.409266
119	1200	190000	60.021119	30.379469
120	1200	190000	60.025988	30.416982
121	1200	190000	60.024131	30.373917
122	1200	190000	59.996034	30.434006
123	1200	190000	60.024999	30.375417
124	1200	190000	59.985449	30.404918
125	1200	190000	60.039157	30.380924
126	1200	190000	60.035176	30.428526
127	1200	190000	60.031737	30.408934
128	1200	190000	60.040982	30.417728
129	1200	190000	60.008315	30.432425
130	1200	190000	60.002908	30.426082
131	1200	190000	59.98079	30.401576
132	1200	190000	59.986862	30.420252
133	1200	190000	60.001784	30.387311
134	1200	190000	60.003637	30.397462
135	1200	190000	60.006026	30.415716
136	1200	190000	59.997149	30.376172
137	1200	190000	60.016289	30.415141
138	1200	190000	60.003835	30.417144
139	1200	190000	60.03545	30.37831
140	1200	190000	60.024491	30.423154
141	1200	190000	60.010497	30.415123
142	1200	190000	59.984674	30.418671
143	1200	190000	60.037131	30.379325
144	1200	190000	59.860775	30.244838
145	1200	190000	59.840049	30.267521
146	1200	190000	59.857188	30.242296
147	1200	190000	59.835559	30.260406
148	1200	190000	59.848452	30.252663
149	1200	190000	59.866585	30.267808
150	1200	190000	59.840099	30.232127
151	1200	190000	59.853003	30.26152
152	1200	190000	59.871852	30.26991
153	1200	190000	59.849749	30.262158
154	1200	190000	59.844795	30.225866
155	1200	190000	59.829776	30.211825
156	1200	190000	59.836911	30.207235
157	1200	190000	59.831996	30.215841
158	1200	190000	59.831842	30.22486
159	1200	190000	59.827257	30.219883
160	1200	190000	59.835537	30.204333
161	1200	190000	59.854684	30.274815
162	1200	190000	59.83966	30.263155
163	1200	190000	59.844918	30.256885
164	1200	190000	59.839976	30.2526
165	1200	190000	59.82831	30.198818
166	1200	190000	59.855543	30.233717
167	1200	190000	59.902894	30.217071
168	1200	190000	59.89283	30.271366
169	1200	190000	59.873415	30.26726
170	1200	190000	59.885774	30.271393
171	1200	190000	59.835677	30.219596
172	1200	190000	59.874309	30.272264
173	1200	190000	59.854544	30.252384
174	1200	190000	59.847024	30.264305
175	1200	190000	59.829016	30.225507
176	1200	190000	59.846554	30.27513
177	1200	190000	59.842255	30.269452
178	1200	190000	59.834157	30.255555
179	1200	190000	59.848647	30.239224
180	1200	190000	59.897835	30.268536
181	1200	190000	59.842883	30.224456
182	1200	190000	59.849763	30.270836
183	1200	190000	59.887273	30.265724
184	1200	190000	59.877226	30.26664
185	1200	190000	59.831548	30.198791
186	1200	190000	59.897551	30.274698
187	1200	190000	59.871328	30.25551
188	1200	190000	59.746079	30.569103
189	1200	190000	59.746229	30.571151
190	1200	190000	59.807057	30.583665
191	1200	190000	59.815468	30.571439
192	1200	190000	59.784711	30.620101
193	1200	190000	59.738978	30.573685
194	1200	190000	59.744583	30.61215
195	1200	190000	59.744102	30.613534
196	1200	190000	59.73711	30.585695
197	1200	190000	59.743028	30.586791
198	1200	190000	59.748323	30.581922
199	1200	190000	59.73482	30.565681
200	1200	190000	59.807124	30.576793
201	1200	190000	59.773098	30.595118
202	1200	190000	59.809075	30.568447
203	1200	190000	59.731504	30.583898
204	1200	190000	59.744297	30.608189
205	1200	190000	59.744447	30.604946
206	1200	190000	59.743826	30.605144
207	1200	190000	59.739001	30.616912
208	1200	190000	59.734212	30.572822
209	1200	190000	59.803264	30.51286
210	1200	190000	59.738802	30.56551
211	1200	190000	59.745222	30.5656
212	1200	190000	59.746374	30.566875
213	1200	190000	59.782782	30.641669
214	1200	190000	59.751614	30.576245
215	1200	190000	59.737963	30.61631
216	1200	190000	59.732856	30.613561
217	1200	190000	59.813129	30.563713
218	1200	190000	59.74967	30.592711
219	1200	190000	59.809396	30.577799
220	1200	190000	59.744297	30.584231
221	1200	190000	59.781519	30.641247
222	1200	190000	59.740343	30.609411
223	1200	190000	59.743853	30.590088
224	1200	190000	59.975779	30.506688
225	1200	190000	59.951948	30.465132
226	1200	190000	59.954218	30.412194
227	1200	190000	59.956931	30.443474
228	1200	190000	59.958579	30.487833
229	1200	190000	59.948996	30.408898
230	1200	190000	59.948555	30.497229
231	1200	190000	59.957124	30.418411
232	1200	190000	59.93887	30.473585
233	1200	190000	59.93736	30.485784
234	1200	190000	59.92424	30.407649
235	1200	190000	59.956422	30.42354
236	1200	190000	59.94682	30.494857
237	1200	190000	59.970952	30.424888
238	1200	190000	59.941822	30.492198
239	1200	190000	59.953727	30.489342
240	1200	190000	59.967538	30.43105
241	1200	190000	59.943336	30.499924
242	1200	190000	59.950704	30.491992
243	1200	190000	59.943242	30.485991
244	1200	190000	59.947888	30.484994
245	1200	190000	59.923532	30.421142
246	1200	190000	59.928523	30.423145
247	1200	190000	59.9459	30.417521
248	1200	190000	59.976693	30.425552
249	1200	190000	59.947545	30.481994
250	1200	190000	59.954822	30.427762
251	1200	190000	59.953043	30.465114
252	1200	190000	59.938437	30.479388
253	1200	190000	59.955926	30.472804
254	1200	190000	59.952236	30.479335
255	1200	190000	59.954867	30.47937
256	1200	190000	59.953962	30.492279
257	1200	190000	59.9726	30.425328
258	1200	190000	59.93809	30.498702
259	1200	190000	59.931756	30.41303
260	1200	190000	59.826881	30.154333
261	1200	190000	59.839221	30.135828
262	1200	190000	59.849487	30.188352
263	1200	190000	59.842011	30.167565
264	1200	190000	59.83082	30.169685
265	1200	190000	59.828161	30.181372
266	1200	190000	59.828555	30.141281
267	1200	190000	59.848537	30.202267
268	1200	190000	59.842621	30.162472
269	1200	190000	59.732158	30.079333
270	1200	190000	59.738824	30.091828
271	1200	190000	59.852005	30.182729
272	1200	190000	59.733024	30.087813
273	1200	190000	59.717899	30.075802
274	1200	190000	59.827492	30.151414
275	1200	190000	59.840478	30.132764
276	1200	190000	59.859976	30.169128
277	1200	190000	59.855665	30.215212
278	1200	190000	59.837381	30.132764
279	1200	190000	59.851833	30.206399
280	1200	190000	59.857174	30.185091
281	1200	190000	59.746002	30.088729
282	1200	190000	59.720517	30.073925
283	1200	190000	59.836215	30.182145
284	1200	190000	59.844199	30.129252
285	1200	190000	59.827058	30.159597
286	1200	190000	59.785214	30.147479
287	1200	190000	59.849288	30.19173
288	1200	190000	59.837173	30.147542
289	1200	190000	59.835758	30.152474
290	1200	190000	59.781569	30.110837
291	1200	190000	59.826569	30.170853
292	1200	190000	59.832435	30.089924
293	1200	190000	59.830992	30.157801
294	1200	190000	59.85045	30.139951
295	1200	190000	59.851069	30.209463
296	1200	190000	59.851489	30.153174
297	1200	190000	59.859036	30.220018
298	1200	190000	59.855186	30.189808
299	1200	190000	59.857183	30.223827
300	1200	190000	59.857491	30.207936
301	1200	190000	59.856365	30.219802
302	1200	190000	59.855407	30.213056
303	1200	190000	59.83413	30.144532
304	1200	190000	60.008833	29.723366
305	1200	190000	59.999651	29.769019
306	1200	190000	59.996038	29.779259
307	1200	190000	59.993086	29.751906
308	1200	190000	59.9867	29.787093
309	1200	190000	59.990305	29.772926
310	1200	190000	59.996065	29.764006
311	1200	190000	60.097453	29.976646
312	1200	190000	60.095403	29.970942
313	1200	190000	60.08174	29.967816
314	1200	190000	60.087049	29.956219
315	1200	190000	60.120489	30.166874
316	1200	190000	60.167452	29.873654
317	1200	190000	60.194142	29.702229
318	1200	190000	60.194616	29.516044
319	1200	190000	60.194195	29.710197
320	1200	190000	60.124388	30.14623
321	1200	190000	60.098812	29.971921
322	1200	190000	60.082795	29.962058
323	1200	190000	60.089216	29.951287
324	1200	190000	60.196382	29.69966
325	1200	190000	60.193847	29.71291
326	1200	190000	60.092949	29.953425
327	1200	190000	59.873668	30.314269
328	1200	190000	59.879453	30.320773
329	1200	190000	59.847078	30.360973
330	1200	190000	59.768414	30.333754
331	1200	190000	59.811749	30.292898
332	1200	190000	59.876364	30.32522
333	1200	190000	59.836658	30.345135
334	1200	190000	59.872566	30.309562
335	1200	190000	59.8381	30.366794
336	1200	190000	59.862095	30.325058
337	1200	190000	59.87393	30.301558
338	1200	190000	59.876423	30.329819
339	1200	190000	59.840817	30.365042
340	1200	190000	59.900958	30.319794
341	1200	190000	59.902352	30.320836
342	1200	190000	59.919802	30.314071
343	1200	190000	59.836206	30.313398
344	1200	190000	59.84701	30.335245
345	1200	190000	59.854133	30.332676
346	1200	190000	59.846405	30.318294
347	1200	190000	59.851182	30.318294
348	1200	190000	59.861458	30.311682
349	1200	190000	59.88246	30.314206
350	1200	190000	59.863301	30.318851
351	1200	190000	59.862158	30.332738
352	1200	190000	59.842296	30.327016
353	1200	190000	59.839448	30.332604
354	1200	190000	59.854956	30.29562
355	1200	190000	59.835505	30.341515
356	1200	190000	59.857219	30.341623
357	1200	190000	59.860428	30.341416
358	1200	190000	59.8605	30.344911
359	1200	190000	59.848958	30.326172
360	1200	190000	59.860884	30.325139
361	1200	190000	59.861909	30.352645
362	1200	190000	59.848461	30.305888
363	1200	190000	59.858891	30.35402
364	1200	190000	59.838159	30.313056
365	1200	190000	59.860274	30.316362
366	1200	190000	59.847388	30.318062
367	1200	190000	59.849153	30.314116
368	1200	190000	59.849989	30.359472
369	1200	190000	59.858376	30.29854
370	1200	190000	59.848651	30.318195
371	1200	190000	59.875397	30.325426
372	1200	190000	59.90136	30.468312
373	1200	190000	59.895854	30.482721
374	1200	190000	59.904311	30.481616
375	1200	190000	59.906179	30.471483
376	1200	190000	59.881923	30.457586
377	1200	190000	59.912896	30.491812
378	1200	190000	59.86209	30.50146
379	1200	190000	59.917533	30.476702
380	1200	190000	59.928032	30.481823
381	1200	190000	59.863071	30.449915
382	1200	190000	59.893421	30.426559
383	1200	190000	59.869815	30.45102
384	1200	190000	59.897375	30.425481
385	1200	190000	59.911651	30.402672
386	1200	190000	59.878748	30.439252
387	1200	190000	59.919017	30.487015
388	1200	190000	59.912098	30.455915
389	1200	190000	59.866703	30.448271
390	1200	190000	59.879557	30.429748
391	1200	190000	59.859474	30.478382
392	1200	190000	59.871825	30.467746
393	1200	190000	59.903602	30.462509
394	1200	190000	59.891308	30.413183
395	1200	190000	59.907871	30.478517
396	1200	190000	59.874246	30.446627
397	1200	190000	59.896892	30.486099
398	1200	190000	59.890884	30.486494
399	1200	190000	59.869598	30.445702
400	1200	190000	59.914556	30.468195
401	1200	190000	59.925876	30.482344
402	1200	190000	59.832914	30.514809
403	1200	190000	59.89032	30.4511
404	1200	190000	59.897126	30.464782
405	1200	190000	59.876531	30.460569
406	1200	190000	59.882568	30.462653
407	1200	190000	59.884112	30.471959
408	1200	190000	59.929691	30.467225
409	1200	190000	59.881868	30.480224
410	1200	190000	59.85449	30.46736
411	1200	190000	59.923238	30.496052
412	1200	190000	59.838561	30.491489
413	1200	190000	59.839004	30.504802
414	1200	190000	59.841202	30.494552
415	1200	190000	59.837621	30.494956
416	1200	190000	59.928005	30.465572
417	1200	190000	59.836454	30.512689
418	1200	190000	59.898273	30.493115
419	1200	190000	59.923306	30.500436
420	1200	190000	59.919477	30.489018
421	1200	190000	59.920767	30.449861
422	1200	190000	59.925123	30.456733
423	1200	190000	59.92	30.458673
424	1200	190000	59.91945	30.456401
425	1200	190000	59.920893	30.460973
426	1200	190000	59.914313	30.401262
427	1200	190000	59.887616	29.860072
428	1200	190000	59.868722	29.863387
429	1200	190000	59.871048	29.908204
430	1200	190000	59.845645	30.023601
431	1200	190000	59.88046	29.911222
432	1200	190000	59.870678	29.917959
433	1200	190000	59.900971	29.81512
434	1200	190000	59.869169	29.861419
435	1200	190000	59.851761	30.089645
436	1200	190000	59.906156	29.770663
437	1200	190000	59.909567	29.763278
438	1200	190000	59.903877	29.776124
439	1200	190000	59.89797	29.77228
440	1200	190000	59.876174	29.889519
441	1200	190000	59.874892	29.896472
442	1200	190000	59.876395	29.925927
443	1200	190000	59.86991	29.863342
444	1200	190000	59.911236	29.780805
445	1200	190000	59.85524	30.026152
446	1200	190000	59.964521	30.307244
447	1200	190000	59.957651	30.292063
448	1200	190000	59.962377	30.292341
449	1200	190000	59.966498	30.295135
450	1200	190000	59.967998	30.303058
451	1200	190000	59.971879	30.311898
452	1200	190000	59.969362	30.31338
453	1200	190000	59.958309	30.323665
454	1200	190000	59.952682	30.293078
455	1200	190000	59.960832	30.320512
456	1200	190000	59.961656	30.324034
457	1200	190000	59.960697	30.312248
458	1200	190000	59.958665	30.327016
459	1200	190000	59.959449	30.313308
460	1200	190000	59.955678	30.30622
461	1200	190000	59.956665	30.301055
462	1200	190000	59.955007	30.292135
463	1200	190000	59.962449	30.27345
464	1200	190000	59.991867	30.317764
465	1200	190000	60.013596	30.245359
466	1200	190000	60.011176	30.251234
467	1200	190000	60.009516	30.270368
468	1200	190000	60.015525	30.27486
469	1200	190000	60.001752	30.283735
470	1200	190000	59.986614	30.262176
471	1200	190000	60.011387	30.265841
472	1200	190000	59.984188	30.269093
473	1200	190000	60.00953	30.286915
474	1200	190000	60.007546	30.216335
475	1200	190000	60.001847	30.286718
476	1200	190000	59.988095	30.285173
477	1200	190000	60.008324	30.286053
478	1200	190000	60.011082	30.287832
479	1200	190000	60.014095	30.280726
480	1200	190000	60.008459	30.203597
481	1200	190000	60.008963	30.206049
482	1200	190000	59.998283	30.290419
483	1200	190000	59.989184	30.317494
484	1200	190000	59.995237	30.313308
485	1200	190000	59.990251	30.31011
486	1200	190000	59.991673	30.302573
487	1200	190000	60.028932	30.229881
488	1200	190000	60.026905	30.298656
489	1200	190000	60.005257	30.202456
490	1200	190000	60.010079	30.006075
491	1200	190000	60.000605	30.139753
492	1200	190000	59.999197	30.204567
493	1200	190000	60.013982	30.257055
494	1200	190000	60.01253	30.259256
495	1200	190000	60.024563	30.244174
496	1200	190000	60.017935	30.240598
497	1200	190000	60.020296	30.239718
498	1200	190000	60.020534	30.231651
499	1200	190000	60.011064	30.239808
500	1200	190000	60.013042	30.240419
501	1200	190000	60.017387	30.237068
502	1200	190000	60.023088	30.254711
503	1200	190000	60.005243	30.240733
504	1200	190000	60.016591	30.296294
505	1200	190000	60.000362	30.23864
506	1200	190000	59.988149	30.218877
507	1200	190000	59.989742	30.211295
508	1200	190000	59.985525	30.209013
509	1200	190000	60.026487	30.288326
510	1200	190000	60.003223	30.254325
511	1200	190000	59.997626	30.212355
512	1200	190000	59.997433	30.213622
513	1200	190000	59.988797	30.290634
514	1200	190000	60.026725	30.290895
515	1200	190000	60.025934	30.215517
516	1200	190000	59.986682	30.23793
517	1200	190000	60.001689	30.260568
518	1200	190000	60.002342	30.21576
519	1200	190000	60.003781	30.219416
520	1200	190000	60.020089	30.249905
521	1200	190000	60.006597	30.227752
522	1200	190000	60.008626	30.26885
523	1200	190000	59.986596	30.195135
524	1200	190000	60.025242	30.247228
525	1200	190000	60.015332	30.247668
526	1200	190000	59.811618	30.37036
527	1200	190000	59.722935	30.564836
528	1200	190000	59.727046	30.462222
529	1200	190000	59.679793	30.458628
530	1200	190000	59.704592	30.382703
531	1200	190000	59.71715	30.422615
532	1200	190000	59.738584	30.410209
533	1200	190000	59.707742	30.375867
534	1200	190000	59.809401	30.38061
535	1200	190000	59.732189	30.349339
536	1200	190000	59.681365	30.430017
537	1200	190000	59.736602	30.415509
538	1200	190000	59.717568	30.415931
539	1200	190000	59.733459	30.465491
540	1200	190000	59.735895	30.400615
541	1200	190000	59.742733	30.4655
542	1200	190000	59.686466	30.432209
543	1200	190000	59.743477	30.481724
544	1200	190000	59.715571	30.412563
545	1200	190000	59.707202	30.411287
546	1200	190000	59.722169	30.400957
547	1200	190000	59.71838	30.401253
548	1200	190000	59.733727	30.418186
549	1200	190000	59.697796	30.414934
550	1200	190000	59.730579	30.411961
551	1200	190000	59.722318	30.399178
552	1200	190000	59.821467	30.339781
553	1200	190000	59.668257	30.259301
554	1200	190000	59.936958	30.382586
555	1200	190000	59.945819	30.383152
556	1200	190000	59.933271	30.383332
557	1200	190000	59.933735	30.382146
558	1200	190000	59.930908	30.343366
559	1200	190000	59.930408	30.34324
560	1200	190000	59.928068	30.364817
561	1200	190000	59.936774	30.368743
562	1200	190000	59.945211	30.390877
563	1200	190000	59.943061	30.379792
564	1200	190000	59.936413	30.366623
565	1200	190000	59.937639	30.370477
566	1200	190000	59.92933	30.377555
567	1200	190000	59.92428	30.382047
568	1200	190000	59.924402	30.384014
569	1200	190000	59.926485	30.369453
570	1200	190000	59.936251	30.355825
571	1200	190000	59.937774	30.354837
572	1200	190000	59.939861	30.381239
573	1200	190000	59.936133	30.377322
574	1200	190000	59.943791	30.341776
575	1200	190000	59.944197	30.360775
576	1200	190000	59.948843	30.356382
577	1200	190000	59.947955	30.357182
578	1200	190000	59.942525	30.341048
579	1200	190000	59.94028	30.341632
580	1200	190000	59.941817	30.359966
581	1200	190000	59.943012	30.3231
582	1200	190000	59.94485	30.360847
583	1200	190000	59.942996	30.323102
584	1200	190000	59.928879	30.33873
585	1200	190000	59.932008	30.355619
586	1200	190000	59.932901	30.357999
587	1200	190000	59.935065	30.359895
588	1200	190000	59.936805	30.316263
589	1200	190000	59.937206	30.31806
590	1200	190000	59.941795	30.289781
591	1200	190000	59.933352	30.354055
592	1200	190000	59.930642	30.346034
593	1200	190000	59.937815	30.323639
594	1200	190000	59.935944	30.324097
595	1200	190000	59.925728	30.355367
596	1200	190000	59.927441	30.348028
597	1200	190000	59.927342	30.347138
598	1200	190000	59.919549	30.357999
599	1200	190000	59.924551	30.334158
600	1200	190000	59.919978	30.351001
601	1200	190000	59.918539	30.348091
602	1200	190000	59.923401	30.340707
603	1200	190000	59.929091	30.332801
604	1200	190000	59.918138	30.343581
605	1200	190000	59.937562	30.357891
606	1200	190000	59.9379	30.357227
607	1200	190000	59.937598	30.320378
608	1200	190000	59.937175	30.333951
609	1200	190000	59.93649	30.334239
610	1200	190000	59.937616	30.348666
611	1200	190000	59.944075	30.224869
612	1200	190000	59.936913	30.258295
613	1200	190000	59.939888	30.234921
614	1200	190000	59.931891	30.237858
615	1200	190000	59.986358	30.332676
616	1200	190000	59.93822	30.274555
617	1200	190000	59.939284	30.272336
618	1200	190000	59.929925	30.247327
619	1200	190000	59.958818	30.22768
620	1200	190000	59.941547	30.264206
621	1200	190000	59.940177	30.264538
622	1200	190000	59.944634	30.221284
623	1200	190000	59.940853	30.238433
624	1200	190000	59.940154	30.241416
625	1200	190000	59.953245	30.225291
626	1200	190000	59.936949	30.26488
627	1200	190000	59.936323	30.261439
628	1200	190000	59.953502	30.247129
629	1200	190000	59.940271	30.236134
630	1200	190000	59.923942	30.254387
631	1200	190000	59.950497	30.414341
632	1200	190000	59.935678	30.280888
633	1200	190000	59.94485	30.267584
634	1200	190000	59.957494	30.219003
635	1200	190000	59.94581	30.282747
636	1200	190000	59.948239	30.279864
637	1200	190000	59.942678	30.290356
638	1200	190000	59.942786	30.289601
639	1200	190000	59.943323	30.288973
640	1200	190000	59.940781	30.290931
641	1200	190000	59.931923	30.247578
642	1200	190000	59.939374	30.23511
643	1200	190000	59.933203	30.247228
644	1200	190000	59.953205	30.22866
645	1200	190000	59.952628	30.228219
646	1200	190000	59.940884	30.235711
647	1200	190000	59.936575	30.236538
648	1200	190000	59.936399	30.234912
649	1200	190000	59.941461	30.211726
650	1200	190000	59.936847	30.282192
651	1200	190000	59.936841	30.282029
652	1200	190000	59.945238	30.275076
653	1200	190000	60.035319	30.34933
654	1200	190000	60.044163	30.354334
655	1200	190000	60.040362	30.354181
656	1200	190000	60.040285	30.35914
657	1200	190000	60.039324	30.338425
658	1200	190000	60.03922	30.327331
659	1200	190000	59.998378	30.351037
660	1200	190000	60.00321	30.353786
661	1200	190000	60.052923	30.364826
662	1200	190000	60.033459	30.32583
663	1200	190000	60.01762	30.333601
664	1200	190000	60.059081	30.323153
665	1200	190000	60.01369	30.334607
666	1200	190000	60.034641	30.336125
667	1200	190000	60.027498	30.311475
668	1200	190000	60.049312	30.372462
669	1200	190000	59.98701	30.349258
670	1200	190000	60.005329	30.34059
671	1200	190000	59.964696	30.345701
672	1200	190000	60.054383	30.355107
673	1200	190000	60.049208	30.359921
674	1200	190000	60.053804	30.341551
675	1200	190000	60.042842	30.343797
676	1200	190000	59.998967	30.339799
677	1200	190000	60.040451	30.365455
678	1200	190000	60.046706	30.349124
679	1200	190000	59.983036	30.348423
680	1200	190000	60.00899	30.352358
681	1200	190000	60.043458	30.341272
682	1200	190000	60.064645	30.309257
683	1200	190000	60.049572	30.324752
684	1200	190000	60.046688	30.324806
685	1200	190000	60.034722	30.337769
686	1200	190000	60.074428	30.321402
687	1200	190000	60.11163	30.249528
688	1200	190000	60.101997	30.195745
689	1200	190000	60.076839	30.277034
690	1200	190000	60.081471	30.24138
691	1200	190000	60.071349	30.333933
692	1200	190000	60.056894	30.329433
693	1200	190000	60.05379	30.318842
694	1200	190000	60.060599	30.312724
695	1200	190000	60.056032	30.329945
696	1200	190000	60.06006	30.314592
697	1200	190000	60.014378	30.361664
698	1200	190000	60.047492	30.336781
699	1200	190000	60.006921	30.346195
700	1200	190000	60.05993	30.322093
701	1200	190000	60.055017	30.342216
702	1200	190000	59.962192	30.345647
703	1200	190000	60.040568	30.356391
704	1200	190000	60.051243	30.351522
705	1200	190000	60.04255	30.32142
706	1200	190000	60.046495	30.335281
707	1200	190000	60.010762	30.351325
708	1200	190000	60.047874	30.34942
709	1200	190000	60.052631	30.353157
